LIB"poly.lib";
intvec w=(3,5,6,7,8,10,11,12,13,14,16,17,18,19,20,22,23,24,26,28,29,30,31,32,34,36,37,38,40,41,42,43,44);
ring A=0,(x3,x5,x6,x7,x8,x10,x11,x12,x13,x14,x16,x17,x18,x19,x20,x22,x23,x24,x26,x28,x29,x30,x31,x32,x34,x36,x37,x38,x40,x41,x42,x43,x44),wp(w);
ideal I= 

x3*x3-x6,x3*x5-x8,x3*x7-x10,x3*x11-x14,x3*x13-x16,x3*x17-x20,x3*x19-x22,x3*x23-x26,x3*x29-x32,x3*x31-x34,x3*x37-x40,x3*x41-x44,

x5*x5-x10,x5*x7-x12,x5*x11-x16,x5*x13-x18,x5*x17-x22,x5*x19-x24,x5*x23-x28,x5*x29-x34,x5*x31-x36,x5*x37-x42,

x7*x7-x14,x7*x11-x18,x7*x13-x20,x7*x17-x24,x7*x19-x26,x7*x23-x30,x7*x29-x36,x7*x31-x38,x7*x37-x44,

x11*x11-x22,x11*x13-x24,x11*x17-x28,x11*x19-x30,x11*x23-x34,x11*x29-x40,x11*x31-x42,

x13*x13-x26,x13*x17-x30,x13*x19-x32,x13*x23-x36,x13*x29-x42,x13*x31-x44,

x17*x17-x34,x17*x19-x36,x17*x23-x40,

x19*x19-x38,x19*x23-x42;

I=std(I);
homog(I); //ideal is homogeneous w.r.t. weights
hilb(I,1,w);
hilb(I,2,w);
 

> hilb(I,1,w);
1,0,0,0,0,0,-1,0,-1,0,-2,0,-1,0,-1,0,0,0,1,0,2,1,3,1,3,1,4,2,4,1,4,0,2,-2,-1,-5,-4,-6,-5,-6,-8,-6,-8,-6,-10,-3,-3,0,-1,1,2,1,0,4,5,9,2,14,4,18,0,20,1,23,0,20,1,18,0,14,-1,8,-2,5,-1,-1,-1,-10,0,-19,1,-32,2,-44,6,-54,5,-62,8,-67,4,-66,12,-64,13,-59,21,-56,19,-47,36,-30,31,-10,43,17,33,48,33,86,16,115,12,152,-11,177,-22,196,-52,213,-70,227,-98,219,-123,206,-159,174,-174,130,-189,74,-196,2,-192,-79,-179,-155,-150,-232,-108,-310,-51,-380,7,-441,105,-486,188,-516,298,-527,386,-518,494,-470,559,-415,635,-324,657,-216,689,-85,654,53,618,217,513,370,406,538,218,683,36,821,-210,925,-448,999,-722,1022,-968,1016,-1228,954,-1431,856,-1619,714,-1741,541,-1790,338,-1764,123,-1647,-116,-1444,-368,-1148,-594,-781,-826,-321,-1021,158,-1194,706,-1324,1246,-1422,1810,-1443,2306,-1452,2799,-1377,3149,-1268,3457,-1090,3590,-891,3615,-627,3434,-380,3159,-81,2655,188,2065,456,1285,683,440,916,-519,1076,-1474,1236,-2479,1340,-3386,1408,-4235,1440,-4926,1437,-5464,1390,-5782,1325,-5901,1233,-5761,1107,-5390,988,-4789,829,-3943,681,-2924,504,-1721,350,-408,166,992,28,2364,-162,3734,-300,4944,-475,6049,-625,6877,-839,7483,-1002,7759,-1237,7783,-1411,7410,-1637,6793,-1815,5828,-2000,4664,-2110,3248,-2239,1735,-2261,67,-2260,-1542,-2161,-3153,-1991,-4619,-1733,-5927,-1413,-6968,-985,-7767,-497,-8195,36,-8320,653,-8081,1274,-7504,1919,-6619,2546,-5473,3148,-4090,3635,-2566,4091,-963,4358,686,4537,2244,4519,3695,4378,4948,4009,5969,3553,6677,2862,7128,2106,7195,1180,6989,230,6453,-818,5665,-1801,4614,-2827,3426,-3711,2069,-4521,714,-5158,-671,-5648,-1949,-5899,-3113,-5969,-4044,-5771,-4791,-5380,-5234,-4787,-5442,-3988,-5337,-3044,-4983,-1981,-4375,-848,-3600,326,-2619,1464,-1569,2581,-461,3538,639,4391,1672,5034,2586,5505,3363,5705,3911,5745,4254,5488,4370,5087,4232,4451,3875,3685,3322,2752,2588,1797,1729,727,805,-271,-185,-1260,-1130,-2138,-2027,-2916,-2814,-3500,-3456,-3962,-3897,-4196,-4186,-4269,-4223,-4149,-4077,-3858,-3729,-3402,-3216,-2847,-2539,-2178,-1780,-1447,-896,-713,-17,31,870,703,1694,1316,2461,1832,3066,2233,3556,2473,3843,2617,3981,2588,3933,2456,3726,2187,3339,1838,2853,1399,2232,949,1556,441,828,-34,87,-493,-621,-886,-1263,-1232,-1846,-1471,-2313,-1646,-2662,-1694,-2900,-1661,-2992,-1536,-2965,-1326,-2811,-1045,-2555,-738,-2191,-376,-1783,-19,-1297,329,-817,659,-327,943,133,1165,568,1331,915,1412,1233,1417,1441,1365,1598,1243,1662,1060,1658,845,1565,594,1451,321,1255,47,1044,-240,799,-502,559,-724,306,-922,82,-1067,-138,-1153,-315,-1190,-450,-1167,-552,-1093,-609,-984,-623,-830,-607,-642,-562,-442,-492,-234,-430,-33,-340,156,-261,322,-176,466,-104,569,-27,657,21,708,76,732,96,730,120,704,118,641,119,571,93,465,77,356,38,232,6,114,-31,-8,-58,-102,-85,-200,-90,-268,-94,-322,-76,-345,-48,-359,-25,-349,3,-333,34,-295,59,-257,73,-222,89,-182,96,-137,109,-99,109,-58,109,-17,100,18,99,59,84,88,76,111,54,121,36,131,15,125,-6,121,-38,103,-56,91,-79,69,-91,56,-97,34,-95,26,-89,9,-75,5,-59,-2,-45,-6,-31,-14,-20,-13,-7,-21,1,-23,10,-26,14,-27,22,-27,24,-23,30,-20,31,-17,32,-12,34,-7,37,-3,31,-3,27,-1,20,0,14,2,4,-1,-3,0,-11,-2,-13,1,-14,1,-14,3,-14,1,-12,5,-8,4,-6,5,-4,3,-3,5,0,3,-1,3,0,1,-1,1,0,1,0,1,2,1,1,0,2,0,2,-1,2,-1,1,-3,1,-2,1,-2,0,-2,0,-1,0,0,0,0,0,1,0,1,0,1,0,0,-1,0

(1- t^6 - t^8 - 2t^10 - t^12 - t^14 + t^18 + 2t^20 + ... )/((1-t^3)(1-t^5)(1-t^6)(1-t^7)(1-t^8)(1-t^10)...) = 1 + t^3 + t^5 + t^6 + t^7 +t^8 + t^9 + t^10 + 2t^11 + 2t^12 + ...

> hilb(I,2,w);


1,35,630,7770,73815,575757,3838379,22481905,118029554,563914190,-1813784965,1560077721,251998535,-1080145595,1162269262,-1259858302,-949863809,-1493574939,-1499865443,-20228441,1223902225,-852417764,1889386949,1554393341,-1066512695,656282242,-612238012,2033393561,-389953397,-1752578921,-499203561,934301135,913731188,303254136,1303357732,-2039195581,-416513775,2030684190,111718828,-62328265,1331517578,955880673,-1843347154,-678547997,1897642107,-2051341967,605571863,380950097,387211978,-662729565,1796255039,-1201200955,1531522083,-1135164660,-746444036,1384946419,1415006900,733689984,977337571,-919726799,-1140415690,-881878333,-1029568901,274089993,-1405303594,-1272704326,1430830331,-1387722762,2077780391,189253450,-1092901312,500407937,127618102,-1359516050,2069657922,1441643935,-977325687,-2048628055,-1522663073,444651946,97397098,-369471498,1268460621,976948498,-67038627,-1452973027,-835594639,520718907,-385535714,776360096,1413175919,397024135,759726888,593168967,-82447522,-185928851,520816144,1663865161,1861045575,452161016,753202404,-1784917377,991585965,-124272372,-1995709636,-65597641,2098640689,-2044278303,798744636,-792010283,-265393604,-2031852667,-363327016,-1931794958,-1688708737,1112671013,5347218,1581582251,-1387117019,-485654281,100986960,2057593989,-880000494,-1818750220,783564738,-208632297,1386526054,-1208242695,123116610,-895338121,1011515780,1998912425,-707233714,196844539,-924249174,1525150860,1797281276,867222571,-1933542665,314327211,-1397228316,14390243,235894335,-443393204,-1202772363,833439792,-1022443774,-588452913,1649719853,2130031315,-1692601974,684246334,-68836748,-1921236749,-1784090459,1584285949,-1564831291,-1682120071,294514811,-73299367,683416088,1511622326,1678757770,490629303,-1449529253,-257948099,-1286990853,310288677,-2038504965,1410082044,1668213284,739456620,48394797,2056381073,270477589,219075918,599807053,-2145893395,1683913159,-1087589052,692319100,-1795000100,-1216474213,-1060439743,-493504211,-2097086068,-1786571387,-219264273,1425689367,-1364476617,-69545506,-294115379,-1578848121,-1851919778,211223365,-958744882,214885548,656264094,48080800,829818946,1189189174,-1256003951,916723336,1024466746,1110104739,-2107736760,642819180,-1077436094,104406493,1630951082,1208002580,-1255919168,1532846866,1664972356,690854689,-1376658259,1562791748,1361799878,1228543211,-2143753414,1888121771,386758680,-1639555574,-533268789,-1583846219,778600697,1940117432,-1406559770,-1037869465,1126116627,-1537438589,873819287,2051302186,1196930319,-1329316714,-576397235,1514982848,1352328274,158104035,1745226728,1342729884,1761314676,-616369512,2109173779,462837967,232721934,-605398112,-208722403,1966872989,-1948083013,496699659,-1321818540,1243309608,-1887688896,506414194,-1029518409,2115793374,2136602051,1740577279,1316182812,-1489363371,-815048341,-767874658,1964183695,-1226186985,-712695275,-260473348,1312273262,1388596215,-1171033048,1636596909,-171724677,-532174811,-1294618100,2018764532,379169254,158809046,1683650465,1142063776,-279572436,1775300580,-579606208,502642257,1170655014,-1195321920,-375932477,2001694196,-2074800031,-427228021,1957310863,-208897643,-720955118,-1590234325,1121178925,-1998814930,224374013,1458633511,2133142334,1336150976,1767861964,-1593320953,759350172,-1249976593,1496587926,-1235368961,-1819091276,226062978,883424101,-611538700,-863539677,563798801,-158993526,-1643169002,-442917380,-1560033064,1172930609,309424376,2017586680,-1963177153,-281755111,-1675596155,-1999826251,167245544,-3325421,630843518,-100066240,2051922311,-1347206049,-1589758543,1900275668,1566737799,-625002837,1269019647,-688529717,-1956036185,-13803548,-1356172395,-1051958138,191601160,-277989902,365846918,-1594198925,-1683147237,406478300,1290466056,157120264,-2037271551,1743826026,1378496341,-636998187,-1091126815,1025373549,-1372413075,653007558,-2036512143,1550557132,1996783225,1187280268,1055128444,-56084852,1135406709,1446948680,-1813955983,-1865618487,1880463480,1521787725,1183459961,-109642978,-1611122079,1057861069,-984699248,-674620781,908376446,1664016367,-350721848,1902925381,964155385,56294273,-1702084179,-567354969,-116130266,-1442825931,1334911075,-911249598,1228480541,1629425341,479207308,1251026031,-1202128525,1954208250,508708544,-914310071,-1123599614,-1785586602,2105433907,-1455079875,1286899673,1875166527,-300860541,1683132424,1084728157,-1399437431,-997905996,-541727130,-709579231,-1721919862,-626444106,-1712722414,1873389527,1472243270,912836719,-987189175,-253200324,-572398208,1420251095,-835626110,-1907311973,392865003,430935678,-1541690391,1328104548,-638011109,-1495293346,532406623,-298883161,-1082230893,-213389452,368745972,255323380,-1383073149,-1551215874,-1251558733,525813946,1449457628,798758508,1774513406,17683204,-1598958098,-260513320,2050882259,399961052,1585302509,-1283137180,2068838713,-1770171339,-1891464403,921961207,-735678639,1719154279,557277226,1778380861,490934331,1662540290,-1864158969,1160579514,-1594235260,1412161985,850456353,396372108,1491823088,489796667,698155916,1591219056,669688128,-1991921181,1567921928,-890428913,-315287783,-469970732,-717283897,1557134878,1905143463,-100747523,-83099644,-1698696599,1751069267,-25647208,-40685469,1816120593,-1629290862,-1448706794,-31410621,1443888961,-572894667,-1598597257,1693714874,1616406162,-1911584559,1364442597,145200058,-1873339867,452133648,908974550,-686207663,-1401202821,-62559503,-1401541367,1057808464,-1444042481,1170863264,531716816,-22128469,1743852848,6105004,-1930125167,138136318,-637663903,246318032,-610227921,1703382966,322111851,-332472840,-789621078,1856855162,658861839,-95402771,-473000864,-1972842280,-1671986467,-247797969,-486168630,232583773,775252372,584491675,-135945738,139103916,-664284734,-325629774,631709420,-208974435,-410455063,-1645277496,-1517206932,-1084059647,-2048895778,-741678004,36073719,-1526914133,-1568005084,2143964251,1873025705,1898416670,2093086152,294006142,-91930157,842650911,383507954,-2106861724,181713082,-1677270470,-510939505,-1587190739,-598071286,1140411553,-226962774,-1483525543,-524913462,-520918899,1959667821,-1811246290,-421961055,-713540825,1351898212,1245215942,854463417,-467131738,437129469,627102306,-1087589334,-1734987737,59626169,2028308523,-323771896,-835112794,-1781772215,-966607398,396531426,-253165552,1014975683,1195376974,-1915247627,1938360877,-1627645396,1096604062,315189413,-17119166,1146559095,1267605740,-1373774420,-2098509813,2074378604,780661919,90031620,2090802148,-1910727017,-1696457723,-1358794092,-129913909,580500094,1020043868,-947757976,-1279445277,269343004,-237791129,-1243390430,1937481218,-1803490325,-1951727999,849113570,2142369448,633608137,1886451452,-178250466,-673231738,1166154138,1536259795,1619603810,-812583951,-53981775,-1827796476,-621491436,1365883750,1810040251,-1380368843,-2132694037,982267919,1206248433,449820383,-614596391,1718456909,1782303693,-1252950867,1074065828,1870861952,574545163,-1852162546,-323989243,-42806726,689578933,1784021697,2063756118,176437561,1290876457,-189333076,-1566151222,1900001748,-560624069,-32850500,-1053863575,-838603078,1899220133,2018615771,-495638177,1853925353,-442533039,606045621,-1391956291,1877408515,-190928154,530942302,531616251,1738592188,-464584734,-822777670,76143338,487849289,-1770619077,-1792401609,767255741,92863320,1513778638,-798795011,-1273056067,1782353786,-823322591,-1725888440,-131373230,1172028711,1644351048,1002565566,-1661371163,-756838660,185538490,1874704633,-1910800639,256969681,-2052582840,-708022365,-675409330,-1687984489,1852758403,-1797753276,-487771124,-1596579709,-817898421,2009872917,1966559552,-209919903,-53083515,-655196158,-1136019290,-1926272163,1900063125,-1676595715,1128012587,335007224,-1559122995,1646573309,950143297,589671209,767473926,-862779130,634769631,-331067701,1438718938,-1836775985,560009170,117446623,22407494,3830575,575126,73780,7769,630,35,1,0