


LIB"poly.lib";
intvec w=(3,5,6,7,8,10,11,12,13,14,16,17,18);
ring A=0,(x3,x5,x6,x7,x8,x10,x11,x12,x13,x14,x16,x17,x18),(C,wp(w));
ideal I= x3*x3-x6,x3*x5-x8,x3*x7-x10,x3*x11-x14,x3*x13-x16,
x5*x5-x10,x5*x7-x12,x5*x11-x16,x5*x13-x18,
x7*x7-x14,x7*x11-x18;
I=std(I);
homog(I); //ideal is homogeneous w.r.t. weights
hilb(I,1,w);
hilb(I,2,w);
 

> hilb(I,1,w);
1,0,0,0,0,0,-1,0,-1,0,-2,0,-1,0,-1,0,0,0,1,0,4,1,6,1,6,0,5,-1,1,-2,-2,-2,-7,-2,-9,-2,-14,-1,-12,1,-10,4,-2,7,5,7,14,6,17,3,20,-1,18,-5,12,-9,3,-12,-7,-12,-15,-9,-22,-4,-21,3,-18,9,-10,13,-4,14,7,13,12,9,17,3,16,-4,13,-9,6,-12,1,-12,-4,-9,-7,-5,-8,-1,-8,3,-6,6,-3,7,1,7,2,4,3,1,2,-1,2,-2,1,-2,1,-2,0,-2,-1,-1,-1,0,0,1,0,1,0


1- t^6 - t^8 - 2t^10 - t^12 - t^14 + t^18 + 4t^20 + ...



> hilb(I,2,w);
1,10,55,220,715,2002,5004,11430,24254,48390,91606,165718,288099,483528,786389,1243210,1915507,2882868,4246178,6130848,8689873,12106507,16596313,22408324,29825043,39161016,50759737,64988687,82232371,102883296,127330927,155948765,189079804,227020741,270005425,318188136,371627369,430270860,493942619,562332730,634990630,711322492,790593209,871933314,954350980,1036749031,1117946674,1196705439,1271758606,1341843208,1405733547,1462275045,1510417192,1549244343,1578003168,1596125664,1603246799,1599216063,1584102443,1558192606,1521982351,1476161669,1421594007,1359290564,1290380633,1216079146,1137652661,1056385060,973544195,890350638,807949557,727386567,649588200,575347414,505314330,439992157,379738055,324768498,275168549,230904343,191838005,157744199,128327517,103239962,82097857,64497611,50029889,38291857,28897298,21484516,15722054,11312348,7993514,5539522,3759044,2493278,1613044,1015428,620217,366329,208399,113639,59050,29028,13376,5709,2221,770,230,56,10,1,0


starts out as (10 choose 1), (11 choose 2), (12 choose 3), (13 choose 4), (14 choose 5), then diverges from this.